C: CHARGE,PER_PARTICLE= 3.2439e-14
DRIFT: DRIF,L=0.01,ORDER=2
BEND: CSRCSBEN,L= 1.063090000E+00, CSR=0, ISR=0, &
               ANGLE= 2.258935000E-02, &
               EDGE1_EFFECTS=1,E1= 0.000000000E+00, &
               EDGE2_EFFECTS=1,E2= 2.258935000E-02, &
               HGAP= 1.150000000E-02, &
               SG_HALFWIDTH=1,SG_ORDER=1,STEADY_STATE=0,BINS=500, &
               N_KICKS=20,INTEGRATION_ORDER=4
mainbeamline: LINE=(C,BEND)
